,PC1,PC2,PC3,PC4,PC5,PC6,PC7,PC8,PC9,PC10,PC11,PC12,PC13,PC14,PC15,PC16,PC17,PC18,PC19,PC20
meanamplitude,-0.2923481962385537,0.06976748267639152,-0.24701624921097506,0.3706248518211561,0.027347429052190578,0.07058260771364024,-0.14629772966700605,0.04231564190993488,0.12513645428405792,0.18573342040050128,-0.058230980636616074,-0.150085574189615,0.014837270419191485,0.23500956716510518,0.4134670907471165,0.5931885877733606,-0.0862305509952862,0.058700020189459266,-0.1238228106131662,0.04240717640183215
stdamplitude,0.2667741816049818,0.19125578363650164,-0.05441301598298759,0.0558765817937259,-0.057633087890339565,-0.04722465493262758,0.12120116632586188,-0.08936249071329767,0.4364398507713601,0.6491561980209545,0.09863026888724488,0.030144447900364114,0.13768587904110915,0.05833833061928155,-0.13020548955021047,-0.11906573888926977,-0.2893019105326222,-0.30762112919992446,0.056669963061559164,0.019844966866361096
meanrmsvelocity,-0.26446384279111257,0.3152156167469807,-0.08088175422126756,0.10441162994245139,4.374834651622612e-05,0.012896429777477757,0.19812901230104962,-0.0596390186945995,-0.017724556240835024,-0.020507861632300145,-0.016830895352229782,-0.007775739581203344,-0.06470535063002393,-0.08953532913055122,0.0814161928688824,-0.016341122999753585,0.1371720065977152,-0.04295276225263247,0.8332467587337127,-0.18744969034214312
stdrmsvelocity,0.21308306065919763,0.3622458537049653,0.025673475797962413,0.002585826803575819,0.04234529926557124,-0.0032622662333713693,-0.22978615461391527,0.0729241103980565,0.0719469116133957,-0.014350522463882798,-0.024443811453008276,-0.2502686732776389,0.048850527104271464,0.18772463839655212,-0.4013228088094166,0.233251602990359,0.6435873221398751,-0.15322208863244044,-0.05737157740384504,-0.010187957577610153
meanopeningspeed,-0.22578802543143414,0.28867997632477577,-0.0625630464810107,0.08434675705788368,-0.032594983128374236,0.015637525213897288,-0.014150086829027153,-0.48105589209133387,-0.1993937415969038,0.010046599898672591,0.5611073434778737,-0.06727785934389055,0.0030026734439773,-0.16411784504212618,0.05755116149434309,-0.12206957703667362,0.0574103878275741,-0.08251799943480954,-0.33143735480533687,-0.31207997958625033
stdopeningspeed,0.1773089186344281,0.31260119434799377,-0.04331815939606086,0.05635646093725176,-0.0175039714053568,-0.04788105381268616,-0.3278681888839583,-0.48541489391577564,-0.12852652504940537,-0.04607834958568435,-0.4991890562330855,0.45133715456564666,0.06085055000510006,0.0774861184853562,0.1552462009764325,-0.090656134525809,-0.017721690313156808,0.02152779868516868,-0.022657055866777544,0.0721837866595313
meanclosingspeed,-0.2359168153760854,0.2945758602643528,-0.03239821459308659,0.058109270819888405,0.03297673739911097,0.002086429397451897,0.3463611880638244,0.2913411974669253,0.15210717305818316,-0.032828789319174344,-0.4854725880444815,-0.001991268997775203,-0.1301984830460562,-0.11817185813695082,-0.0071589332598202245,-0.19486194900067474,0.014772800309164396,-0.08266933751914854,-0.38841237602962486,-0.4005585986960861
stdclosingspeed,0.1320030812992208,0.34437501787124414,-0.12821406583386805,0.05390056788923633,0.025364104504980865,0.046326664082061,-0.10422718642511024,0.5475800889950547,0.049229108214696456,-0.18736770685579446,0.3816263941609069,0.5027048663548658,0.19868055656838363,-0.015188864402362596,0.20844461179110788,-0.07530517265110998,0.014105553511220772,0.00818693070374551,-0.029016005489219968,0.07298284986362208
meancycleduration,-0.00388629991729755,0.03104376415676301,0.0452909351068524,-0.16527421511051169,-0.38418421768641053,0.9035834595370277,-0.023388974559443946,-0.025487853198449643,0.0398682136596809,0.024589595931811887,-0.04469718683380088,0.00806793187366613,-0.003199560549283565,-0.005346547360858843,0.0028793093317419404,0.005911487271262722,0.004654815336862577,-0.006007136065945634,0.0004080186880669905,-0.00024307121101040517
stdcycleduration,0.2445301144377741,-0.10636683428439199,-0.36490932013231925,0.2587193757392833,-0.10230197037138367,0.05094550649274739,0.22660855225631268,0.06526433694754594,-0.36232313891236306,0.17746775424076225,-0.038747252728694344,-0.20346871507026157,0.1978532050157037,0.3610327138976397,0.15519153738488614,-0.4107355346826677,0.21233248964052628,0.21496638174765575,-0.0054856747374262185,-0.029095163916582862
rangecycleduration,0.23791678901282318,-0.05713468599298282,-0.2487202072290406,0.14433167472306682,-0.018728594890350257,0.0324409440799545,0.31371536042980985,-0.2963136928787609,0.505867842277215,-0.6106426901364994,0.055922297549795816,-0.06476741710937603,0.11724802431727954,0.11950563614535688,-0.014408834273618613,0.04854227407701819,-0.05453658544001046,0.001504472978214591,-0.011721941685959095,0.00029675252811156523
amplitudedecay,0.1049637641114332,-0.008699594641715366,0.48516967975730874,0.48921228042926873,-0.18757891372159702,-0.003056847985485337,0.15171473422313558,0.0014976935628861839,-0.030293026906862138,-0.02878555877384386,0.1312522998576547,0.21503925319524722,-0.5234892481966251,0.33704833880129226,-0.04578446829015453,-0.00891061661900537,0.01628816484266654,-0.021938222021570933,-0.013089783241464148,0.004733689596157071
velocitydecay,0.10674393872953238,-0.011087054978351288,0.489420002044269,0.47623810340821254,0.18679099470018506,0.1440391392318266,0.02920127637859072,0.0047839066047036995,-0.0619788019939199,-0.033237911392414034,-0.09208345589258081,-0.14439512470330218,0.5547530030413544,-0.3472504479814011,0.03666079611206029,0.016142932811224208,-0.023117590955395877,0.02147947953311191,0.01629488785108539,-0.012619562712963054
ratedecay,0.07803112527695853,-0.0178388963001703,-0.031176104364479016,-0.0640329789253444,0.8648559683136052,0.3608577956246308,0.1359508495882451,-0.08888343675854474,-0.04204689641640188,0.08510847134729851,0.051559047059379776,0.11418100730994364,-0.18827258414859246,0.1532297159032719,-0.0047402282307015325,-0.010946181325324345,0.012164506797282716,-0.0010970118710117195,-0.004363203213270093,0.0004518645464261849
cvamplitude,0.3417998649120022,0.06229640495294528,0.10759565054961061,-0.17482205612610385,-0.04913818902331962,-0.07207522132408921,0.21289055402795104,-0.08430580626043951,0.19737164246269012,0.23091429076170497,0.04093997036501427,0.02981291647888034,-0.18495244532031088,-0.3454706309173992,0.339143973881933,0.1752653644949314,0.3165281960963367,0.5277027971283964,-0.04429086967028695,-0.0485318835737343
cvcycleduration,0.2948423736379955,0.04310750390890354,-0.2524949444934111,0.054555531833326745,-0.09162142163180949,0.006851350994793578,0.38494532827659633,0.014771230843076447,-0.48440227229809246,-0.004238412122399449,-0.04603084409232219,0.14974590268430932,-0.05145509353296811,-0.2586004497244751,-0.22167917012266564,0.48431255822966046,-0.15023385353553864,-0.22467270544246734,-0.035246477435710834,0.030307046103819377
rate,-0.04713466617487094,0.22508947473507765,0.39287454759239737,-0.4532735119143237,-0.03407248505819515,-0.10560503674863597,0.3562591457755163,-0.05028494939665618,-0.15126645185186946,-0.05073564640918724,0.017938616995380904,-0.04442308619434482,0.3219604323120307,0.4717248010145602,0.21964950512356568,0.1785235528621455,-0.09363091164283484,-0.04195837068311361,-0.028285233258990492,-0.01287334883811645
meanspeed,-0.2615056821640602,0.32116117429453567,-0.019459384129239102,0.055580531336459404,0.006372687149993906,0.008571650617200855,0.24378043420438894,-0.05628319099691993,-0.008271371559777585,-0.004235187929010497,-0.009892091276946971,-0.13804036379856616,-0.08320187987227838,-0.13231441932371535,-0.07071676236902533,-0.1618658385099667,0.030709971232828075,0.09251108798427907,-0.11093676315374236,0.8158509959583085
stdspeed,0.18255998424285377,0.38871718127117744,-0.0008133123271371267,0.005735883180722852,0.037318966139267024,0.01921757829624775,-0.1910991460137018,0.09103804854003991,-0.08658049129803574,-0.09658272015507158,0.022634864309771886,-0.31171709460364605,-0.11703521781102247,0.07211787346291362,-0.2665540750668124,0.01000464746034989,-0.5298878166482219,0.5108906053249836,0.06280236954282238,-0.1366758250826904
cvspeed,0.34627892833870644,0.12180851233827747,0.05016506329115885,-0.06783520203936189,0.03417542843426412,0.0006643707331608091,-0.15582407864606065,0.08738840986387658,-0.08479108510871187,-0.16013705822995586,-0.030474261008942675,-0.43084309055688075,-0.2878139235372435,-0.13115195911525365,0.5072157597448305,-0.13233687549081222,-0.09767665943915145,-0.4636365534648531,0.030263577569881416,0.07367003458652466
